200
0 83 -1
1 86 0
2 15 1
3 35 1
4 92 1
5 21 2
6 27 2
7 59 6
8 26 4
9 26 7
10 36 1
11 68 5
12 29 2
13 30 2
14 23 1
15 35 14
16 2 6
17 58 6
18 67 1
19 56 13
20 42 9
21 73 12
22 19 0
23 37 22
24 24 11
25 70 13
26 26 13
27 80 8
28 73 18
29 70 20
30 81 15
31 25 24
32 27 16
33 5 10
34 29 19
35 57 19
36 95 18
37 45 10
38 67 24
39 64 33
40 50 7
41 8 36
42 78 32
43 84 16
44 51 14
45 99 42
46 60 24
47 68 21
48 12 34
49 86 39
50 39 45
51 70 11
52 78 11
53 1 11
54 2 33
55 92 27
56 56 53
57 80 20
58 41 49
59 89 27
60 19 40
61 29 57
62 17 61
63 71 3
64 75 5
65 27 52
66 56 11
67 53 54
68 65 2
69 83 35
70 24 28
71 71 9
72 29 39
73 19 27
74 68 42
75 15 40
76 49 28
77 23 53
78 45 68
79 51 29
80 55 59
81 88 35
82 28 49
83 50 55
84 0 26
85 64 14
86 14 39
87 56 27
88 91 35
89 65 76
90 36 22
91 51 0
92 28 27
93 7 9
94 21 34
95 95 49
96 37 75
97 93 67
98 28 19
99 11 15
100 29 76
101 4 75
102 63 35
103 38 25
104 40 16
105 18 63
106 88 39
107 17 10
108 96 20
109 43 6
110 83 100
111 99 4
112 25 76
113 90 52
114 39 98
115 86 84
116 82 90
117 64 97
118 7 77
119 4 4
120 11 62
121 28 120
122 43 44
123 68 43
124 22 103
125 10 105
126 1 85
127 30 123
128 5 8
129 36 31
130 26 122
131 65 100
132 16 126
133 58 28
134 37 38
135 24 45
136 36 44
137 99 87
138 50 14
139 71 105
140 31 61
141 30 112
142 94 106
143 63 27
144 81 83
145 96 49
146 73 29
147 68 89
148 95 102
149 66 125
150 40 40
151 84 15
152 42 0
153 7 114
154 56 57
155 18 62
156 12 88
157 72 151
158 9 60
159 10 42
160 87 126
161 1 69
162 72 103
163 55 91
164 99 137
165 4 64
166 11 104
167 67 1
168 28 71
169 50 140
170 58 0
171 24 22
172 69 48
173 81 96
174 84 160
175 72 122
176 50 105
177 85 38
178 99 16
179 42 41
180 13 38
181 90 131
182 90 45
183 81 54
184 36 148
185 55 49
186 4 137
187 69 77
188 76 102
189 55 37
190 42 179
191 84 119
192 5 101
193 67 140
194 13 187
195 54 111
196 59 112
197 2 66
198 6 38
199 21 98
