100
0 83 -1
1 86 0
2 15 1
3 35 1
4 92 1
5 21 2
6 27 2
7 59 6
8 26 4
9 26 7
10 36 1
11 68 5
12 29 2
13 30 2
14 23 1
15 35 14
16 2 6
17 58 6
18 67 1
19 56 13
20 42 9
21 73 12
22 19 0
23 37 22
24 24 11
25 70 13
26 26 13
27 80 8
28 73 18
29 70 20
30 81 15
31 25 24
32 27 16
33 5 10
34 29 19
35 57 19
36 95 18
37 45 10
38 67 24
39 64 33
40 50 7
41 8 36
42 78 32
43 84 16
44 51 14
45 99 42
46 60 24
47 68 21
48 12 34
49 86 39
50 39 45
51 70 11
52 78 11
53 1 11
54 2 33
55 92 27
56 56 53
57 80 20
58 41 49
59 89 27
60 19 40
61 29 57
62 17 61
63 71 3
64 75 5
65 27 52
66 56 11
67 53 54
68 65 2
69 83 35
70 24 28
71 71 9
72 29 39
73 19 27
74 68 42
75 15 40
76 49 28
77 23 53
78 45 68
79 51 29
80 55 59
81 88 35
82 28 49
83 50 55
84 0 26
85 64 14
86 14 39
87 56 27
88 91 35
89 65 76
90 36 22
91 51 0
92 28 27
93 7 9
94 21 34
95 95 49
96 37 75
97 93 67
98 28 19
99 11 15
