100 200 84 26
0 v0
1 v1
2 v2
3 v3
4 v4
5 v5
6 v6
7 v7
8 v8
9 v9
10 v10
11 v11
12 v12
13 v13
14 v14
15 v15
16 v16
17 v17
18 v18
19 v19
20 v20
21 v21
22 v22
23 v23
24 v24
25 v25
26 v26
27 v27
28 v28
29 v29
30 v30
31 v31
32 v32
33 v33
34 v34
35 v35
36 v36
37 v37
38 v38
39 v39
40 v40
41 v41
42 v42
43 v43
44 v44
45 v45
46 v46
47 v47
48 v48
49 v49
50 v50
51 v51
52 v52
53 v53
54 v54
55 v55
56 v56
57 v57
58 v58
59 v59
60 v60
61 v61
62 v62
63 v63
64 v64
65 v65
66 v66
67 v67
68 v68
69 v69
70 v70
71 v71
72 v72
73 v73
74 v74
75 v75
76 v76
77 v77
78 v78
79 v79
80 v80
81 v81
82 v82
83 v83
84 v84
85 v85
86 v86
87 v87
88 v88
89 v89
90 v90
91 v91
92 v92
93 v93
94 v94
95 v95
96 v96
97 v97
98 v98
99 v99
0 11 26.4
0 74 67.9
0 88 25.3
1 12 70.9
1 32 34.8
2 52 57.1
2 79 56.1
3 82 49.2
4 1 63.9
4 14 59.9
4 25 57.7
4 63 55.3
5 17 38.8
6 6 0
7 24 38.9
7 57 74.1
8 56 110.8
8 92 85.3
8 98 84.7
9 45 74.3
9 54 45.2
10 16 47.9
10 65 35.1
11 53 69.1
11 57 4.9
12 8 34.9
12 64 101.1
13 29 32.6
14 48 57.5
14 97 48.5
15 6 61.2
15 64 75.7
16 69 76.8
16 76 40.5
17 48 21.7
17 57 30.8
17 87 37.8
18 66 45.4
18 73 40.1
20 21 26.6
20 23 79.6
21 37 30.6
21 49 33.3
21 55 20.6
21 88 70.7
23 33 85.5
23 35 72.9
24 55 21.3
25 15 56.9
25 75 73
26 4 33.4
26 12 69.7
27 12 52.8
28 0 28.6
28 20 86
28 32 82.1
29 11 64.2
29 68 33.5
29 83 63.1
29 96 69.9
30 48 74
30 78 36.6
31 26 45
31 28 64.7
31 67 48.6
31 76 18.7
32 11 78.8
32 39 77.7
32 42 67.4
32 44 98
32 74 75.2
33 5 78.1
33 7 54
35 15 31.1
35 92 65.3
36 4 33.6
37 39 49.6
37 49 54.9
38 60 74.2
39 68 71.9
40 5 47.3
40 7 24.9
40 8 35.3
41 24 50
42 5 86.5
43 10 82.8
43 33 58.4
43 68 77.2
43 92 106.9
44 8 57.9
44 14 70.6
45 1 74.3
45 16 12.1
45 31 34.9
45 37 50.3
45 40 24.1
45 75 41.3
47 87 42.2
48 16 85
48 75 60.4
48 97 32.3
49 39 39.7
50 71 32.9
50 73 44.9
51 44 86.3
51 69 54.6
52 1 12.3
52 69 36.4
53 51 69.5
55 29 29.8
55 34 35.8
55 42 42.8
55 44 80.8
55 66 78.2
55 97 62.5
58 16 101.7
58 22 13.8
58 55 87.5
59 31 50.9
59 96 75
60 7 73.5
60 16 85
60 81 62.3
60 89 69
60 99 32.2
62 78 22.3
63 38 22.9
64 51 10.4
64 81 47.8
66 0 49.8
66 15 79.6
66 26 17.4
66 48 61.3
66 74 47.4
67 25 41.1
67 43 105.2
69 4 80.3
69 12 51.8
69 30 47.9
70 93 38.1
71 1 53.1
71 50 32.9
71 66 31
71 86 29
72 15 32.9
72 63 57.1
73 96 58.1
74 15 58.3
74 42 42.8
74 60 85.8
74 97 93
75 5 76.1
75 95 16.6
76 18 8.9
76 68 43.3
77 30 35
78 61 62.2
79 65 69.1
79 71 14.5
79 80 38.6
79 83 26.7
79 97 43.6
80 33 31.3
80 62 65.6
80 65 40.5
80 69 73.3
81 86 24.6
82 74 54
83 2 82.1
84 92 27.5
85 6 66.9
85 19 36.1
85 42 63.4
85 51 74.7
85 83 49.8
86 12 58.6
86 55 40.1
86 72 56.7
87 78 65.4
88 31 60.2
88 51 28.4
88 72 93.7
89 87 28.8
89 89 0
89 98 78.9
90 20 17.9
90 98 46.9
91 54 41.4
91 88 21.8
92 98 42.9
93 93 0
95 48 63.6
95 66 31.5
97 29 33.6
97 43 89.9
98 55 52.4
99 49 40.9
99 66 29.7
99 74 53.5
