200
0 87 -1
1 26 0
2 5 0
3 66 2
4 43 1
5 53 2
6 52 2
7 39 5
8 11 3
9 73 7
10 72 1
11 37 5
12 0 3
13 44 1
14 23 13
15 90 12
16 46 12
17 64 6
18 8 2
19 57 15
20 63 11
21 79 9
22 65 14
23 47 10
24 69 16
25 88 16
26 96 4
27 50 12
28 29 14
29 17 3
30 53 17
31 93 2
32 75 21
33 6 24
34 39 22
35 39 13
36 27 26
37 71 33
38 40 0
39 73 27
40 94 22
41 51 18
42 40 20
43 39 1
44 96 36
45 26 27
46 15 7
47 5 10
48 29 12
49 77 42
50 76 16
51 23 1
52 86 2
53 47 48
54 16 5
55 37 28
56 35 40
57 5 19
58 42 16
59 0 20
60 52 26
61 45 57
62 98 44
63 61 49
64 14 19
65 47 57
66 7 61
67 97 51
68 17 17
69 73 18
70 70 32
71 97 57
72 2 66
73 84 32
74 51 64
75 36 28
76 63 53
77 75 15
78 83 38
79 40 67
80 27 79
81 40 29
82 10 68
83 81 47
84 87 70
85 62 42
86 68 19
87 14 84
88 17 42
89 15 49
90 82 33
91 24 37
92 36 27
93 10 10
94 35 66
95 22 45
96 90 62
97 2 1
98 52 97
99 80 89
100 41 94
101 48 91
102 57 2
103 31 60
104 60 91
105 43 30
106 54 93
107 92 83
108 66 23
109 15 107
110 5 67
111 69 32
112 51 11
113 0 43
114 6 68
115 95 9
116 27 64
117 60 15
118 58 109
119 59 49
120 90 95
121 14 72
122 74 98
123 88 38
124 61 51
125 47 92
126 92 92
127 14 122
128 91 50
129 47 6
130 47 65
131 48 120
132 91 120
133 10 114
134 99 100
135 20 107
136 77 126
137 39 115
138 45 79
139 44 41
140 82 43
141 25 120
142 11 104
143 17 95
144 6 121
145 3 80
146 64 37
147 79 112
148 11 14
149 56 64
150 12 29
151 5 71
152 15 104
153 92 53
154 75 149
155 19 4
156 80 112
157 83 65
158 36 136
159 98 64
160 21 62
161 48 25
162 53 0
163 44 7
164 22 37
165 80 26
166 82 65
167 27 114
168 33 111
169 10 42
170 56 1
171 17 28
172 25 104
173 33 138
174 56 77
175 57 78
176 85 21
177 15 86
178 37 152
179 8 161
180 65 128
181 97 84
182 25 142
183 48 13
184 96 150
185 18 169
186 91 169
187 93 40
188 39 14
189 31 92
190 62 150
191 25 50
192 97 125
193 90 101
194 5 188
195 98 102
196 38 168
197 73 131
198 24 191
199 77 123
