100
0 52 -1
1 3 0
2 97 1
3 6 0
4 45 0
5 29 3
6 81 3
7 87 2
8 86 2
9 51 7
10 66 7
11 46 4
12 35 1
13 78 8
14 7 6
15 92 3
16 76 7
17 44 3
18 27 9
19 72 16
20 35 13
21 38 2
22 34 9
23 77 19
24 87 9
25 86 5
26 38 20
27 65 22
28 22 7
29 32 0
30 67 15
31 49 19
32 20 29
33 18 29
34 48 6
35 72 19
36 47 6
37 52 4
38 87 36
39 55 32
40 11 13
41 32 39
42 29 33
43 75 25
44 40 8
45 84 28
46 85 37
47 52 8
48 31 2
49 57 45
50 16 31
51 15 18
52 43 16
53 97 10
54 50 4
55 8 13
56 49 0
57 62 53
58 89 0
59 82 6
60 50 7
61 90 4
62 4 26
63 92 6
64 68 29
65 19 6
66 82 24
67 51 25
68 6 21
69 59 65
70 5 10
71 21 23
72 60 16
73 86 56
74 26 38
75 32 1
76 87 54
77 11 44
78 20 5
79 31 43
80 5 30
81 76 30
82 37 11
83 17 42
84 28 60
85 52 6
86 48 73
87 93 0
88 9 47
89 63 14
90 47 77
91 11 22
92 73 26
93 79 41
94 78 76
95 33 0
96 13 81
97 74 30
98 36 43
99 97 21
